0.0013658200045374039
0.006498468893882529
5.628621624857174E-4
1.292159216959717E-4
9.318183896180536E-4
8.17862012978919E-4
6.542295851695535E-4
8.270726299460609E-5
6.924593441715409E-4
7.88024553105202E-4
4.7112362079021795E-4
1.8676897596739213E-5
1.0489173471294198E-4
0.0011087774962356663
8.778407393217915E-4
0.001498778901429062
4.926692880520062E-4
4.134251900958623E-4
9.890866333511724E-4
2.125199618921264E-4
7.802794074294764E-4
0.0010584601498547345
0.00503470595592675
1.1392067031353567E-4
2.15972573682312E-4
0.0010999305712630384
0.002672753380599269
5.95929871552781E-4
3.0035544759373555E-4
4.1493601006977696E-4
5.822249785155625E-4
2.0578517479916825E-4
1.9916500677843863E-4
2.6671355494310207E-4
6.455240501522458E-4
6.815596774135932E-4
0.0016368057670264244
4.4394798201564863E-4
0.0013991551666373257
2.1572240940176326E-4
2.5982486522661385E-4
5.568281319412529E-4
0.0011774573218421697
0.0031140681888057946
1.4214704460656686E-4
7.338884285065516E-4
6.556371822355638E-4
2.2541275047907082E-4
3.2222991602280404E-4
2.1792359611143484E-4
7.878182838341177E-4
7.847161615713008E-5
0.001457494063048695
2.076888289272148E-4
8.1082850389026E-4
2.9722866452023167E-4
3.110501755958849E-5
2.2218222109588975E-4
1.3428678042812087E-4
4.307835100320169E-4
7.868044967394115E-4
3.006008250269219E-4
8.992322830665938E-4
0.0020316168977826026
1.3296597970288216E-4
1.3956903002855972E-4
8.975012635697942E-4
2.8769325311872075E-4
5.618785835801185E-4
3.3132473233312256E-4
5.599677943271281E-4
6.005830219698689E-4
4.014305939702108E-4
6.129084904103967E-4
3.1713468014686684E-4
0.0024233781834470517
4.212833879429878E-4
4.884090837789079E-4
1.8897069369333701E-4
8.987305615105521E-4
0.002003050895651907
5.827793787729371E-4
5.756528651612096E-4
0.004304963180934556
2.232768866625238E-4
8.566703339220627E-4
8.911345119584032E-5
4.794463502715384E-5
9.79066316946355E-4
1.0933985282259457E-4
9.024285182568421E-4
8.366593146451264E-4
0.002180399474443546
1.292121734486926E-4
0.00105144452687759
0.001743364028165472
2.443883476494664E-4
9.328274216574425E-4
0.002343598331685124
6.960689921051118E-5
9.442516617885804E-4
0.001018164977841891
1.3492883007583423E-5
2.6461963486557572E-5
1.5528985878273134E-4
2.6142136062797623E-4
1.4283860747922746E-4
5.835623244866065E-4
0.0016624720558412547
7.633103042428876E-4
3.3986120541693856E-4
6.578564339423163E-4
1.0476376402672023E-4
9.910009960740214E-5
8.957655825760961E-4
2.851436567426053E-4
0.0015917274871520498
0.0040633957280875425
3.003288437314578E-4
5.720640354304202E-4
5.7584558574477E-4
3.6997121362221933E-4
4.2703084885580456E-4
0.0011360956858824961
9.516999522691585E-5
9.609517835485434E-4
3.2179053735307964E-4
2.5255217863893775E-4
7.525408311878298E-4
0.0011892784839960969
8.046980007659824E-4
0.003912928742266787
3.3007670928603784E-4
3.9083221428994985E-4
8.927659001143378E-4
2.891646718900503E-4
1.1847846772021431E-4
8.23103000732081E-4
7.609318337762075E-4
2.036880433566853E-4
2.0384121617831778E-4
1.6377711223000018E-4
1.8665539188067874E-4
8.540129002844125E-5
4.5124826537607134E-4
2.182072042925055E-4
2.136358524961308E-4
1.37775978133962E-4
4.728364235262887E-4
3.733212839939457E-4
1.7983700199569104E-4
1.9390636134183683E-4
6.27644514162935E-5
0.0020647248791613258
0.0015760961489860812
0.0017312360289291058
8.275843541045306E-4
1.3153234105855107E-4
3.0673761664553706E-4
0.001093340343759148
1.4458290092386338E-4
1.4333838334234112E-4
9.994999104756528E-5
1.1135240905142549E-4
5.417108042620979E-4
3.21824568194845E-4
4.6222588471644965E-4
8.347330839639556E-4
2.9046708670539317E-4
1.480066757899174E-4
7.92133782890647E-4
0.0010768553960950305
2.7525237074529983E-4
3.487889527037291E-4
9.412791576914193E-4
0.0012711532136862541
4.568208269848219E-4
2.6785382731433306E-4
2.699745957746446E-4
4.974044270538473E-4
7.29264546748972E-4
1.212776332030976E-4
1.3302097695592566E-4
0.003023327717193887
3.6656476430635393E-4
6.89347639846819E-5
0.0010597612871953517
5.095242200659789E-4
1.8730160424657334E-4
4.7745990396684133E-4
0.00112874323530829
6.145631663716474E-4
3.190288464567147E-4
4.698337525458441E-4
4.6483547085120333E-4
4.609652658664276E-4
8.960406207927996E-4
0.001223563848891884
2.9520117914763063E-4
7.489879522539984E-4
0.0010870144921512846
5.088568955840074E-4
0.001898653307928407
9.941830022597849E-4
0.0014231511410598135
0.001586653180980852
7.841453232489799E-5
0.0021611042772439488
7.11204551370331E-5
7.541536021201857E-4
7.447014891647417E-5
3.034467167615826E-4
0.0011831970976715043
0.001256272432904464
8.260910912691897E-4
0.0011494575961207875
2.2167136786003733E-4
4.6391899957502E-4
9.833450275755498E-4
4.867487434400441E-4
0.001120878916215199
2.601907275809409E-4
9.101527156127241E-4
1.1332649507926088E-4
5.605077129110408E-4
0.001448202215954336
6.345749380634076E-4
0.001656675734748725
1.2384466739170049E-4
1.1134742996021071E-4
2.1101144491029382E-4
2.3561673382089602E-4
1.4215034473859676E-4
1.481485369894269E-4
4.1977042720029524E-4
2.2958394756046203E-4
2.0852992854790054E-4
2.2991615428731525E-4
2.440332105395634E-4
0.0012773970964613515
4.0586267822305367E-4
0.001001661020253134
4.989851551335089E-4
4.0295228271448137E-4
8.122470401294094E-4
3.423525495291102E-4
6.736746238139147E-4
2.71515380731851E-4
1.2810551101873616E-4
4.2694354848899966E-4
0.001199039737139935
0.001276147221064664
1.0026988990033284E-4
5.948432837310218E-4
2.6310568390499E-4
2.35169379392871E-4
3.048181414568446E-4
5.841731319367146E-4
9.46989024102922E-4
9.350900160467975E-4
7.392641706608739E-5
1.9814880561724619E-4
1.616180307662686E-4
